173
202
204
173
202
202
173
204
204
173
172
172
173
204
204
172
186
185
184
185
186
184
186
184
163
162
163
164
165
170
165
164
171
172
171
170
173
174
202
200
204
205
174
175
200
186
205
206
175
176
206
207
176
177
207
208
177
178
208
210
178
182
210
211
182
183
211
212
220
216
220
221
222
221
222
223
228
229
228
223
231
233
231
229
237
236
237
240
242
243
242
240
173
204
204
204
202
173
173
204
173
204
204
172
173
173
173
173
173
172
172
172
172
172
172
173
204
204
173
204
204
204
204
173
173
172
204
202
204
204
204
204
204
204
204
202
202
202
202
202
202
202
186
185
186
186
186
186
185
185
185
185
185
184
184
184
184
184
184
184
185
185
185
185
185
163
163
163
163
163
163
163
163
162
162
162
162
162
162
162
162
163
163
163
163
163
163
163
163
164
164
164
164
164
164
164
164
165
165
165
165
165
165
170
170
170
170
170
170
165
165
165
165
165
165
165
164
164
164
164
164
164
164
164
171
171
171
171
171
171
171
171
172
172
172
172
172
172
172
172
171
171
171
171
171
171
171
171
170
170
170
170
170
170
170
170
173
173
173
173
173
173
174
174
174
174
174
174
202
202
202
202
202
202
200
200
200
200
200
200
204
204
204
204
204
204
205
205
205
205
205
205
174
174
174
174
174
174
175
175
175
175
175
175
200
200
200
200
200
200
200
200
186
186
186
186
186
186
186
186
205
205
205
205
205
205
206
206
206
206
206
206
175
175
175
175
175
175
175
175
176
176
176
176
176
176
176
206
206
206
206
206
206
206
206
207
207
207
207
207
207
207
176
176
176
176
176
176
176
176
177
177
177
177
177
177
177
207
207
207
207
207
207
207
208
208
208
208
208
208
208
208
177
177
177
177
177
177
177
177
178
178
178
178
178
178
178
208
208
208
208
208
208
208
208
210
210
210
210
210
210
210
210
178
178
178
178
178
178
182
182
182
182
182
182
210
210
210
210
210
210
210
210
211
211
211
211
211
211
211
211
182
182
182
182
182
182
183
183
183
183
183
183
211
211
211
211
211
211
212
212
212
212
212
212
220
220
220
220
220
220
220
216
216
216
216
216
216
216
216
220
220
220
220
220
220
220
221
221
221
221
221
221
221
221
222
222
222
222
222
222
221
221
221
221
221
221
222
222
222
222
222
222
223
223
223
223
223
223
228
228
228
228
228
228
228
228
229
229
229
229
229
229
229
229
228
228
228
228
228
228
228
228
223
223
223
223
223
223
223
231
231
231
231
231
231
231
233
233
233
233
233
233
233
233
231
231
231
231
231
231
229
229
229
229
229
229
237
237
237
237
237
237
237
236
236
236
236
236
236
236
236
237
237
237
237
237
237
240
240
240
240
240
240
242
242
242
242
242
242
243
243
243
243
243
243
242
242
242
242
242
242
240
240
240
240
240
240
172
173
173
172
173
204
202
204
202
204
202
204
202
204
202
204
202
185
185
186
185
186
185
186
185
185
184
185
185
185
163
162
163
162
163
162
163
162
163
162
163
162
163
162
163
164
163
164
163
164
163
164
163
164
163
164
163
164
165
170
165
170
165
170
165
170
165
170
165
165
164
165
164
164
165
171
172
171
172
171
172
171
172
171
172
171
172
171
172
171
170
171
170
171
170
171
170
171
170
171
170
171
170
173
174
173
174
173
174
173
174
173
174
202
200
202
200
202
200
202
200
202
200
204
205
204
205
204
205
204
205
204
205
174
175
174
175
174
175
174
175
174
175
200
186
200
186
200
186
200
186
200
186
200
186
200
186
205
206
205
206
205
206
205
206
205
206
175
176
176
176
176
176
175
207
206
206
206
206
207
207
176
176
177
177
177
177
176
208
208
207
208
207
207
208
178
178
178
178
177
178
177
208
210
208
210
208
210
208
210
208
210
208
210
208
210
178
182
178
182
178
182
178
182
178
182
210
211
210
211
210
211
210
211
210
211
210
211
210
211
182
183
182
183
182
183
182
183
182
183
211
212
211
212
211
212
211
212
211
212
220
216
220
220
216
220
216
220
220
220
220
220
221
220
222
221
222
221
222
221
222
221
222
221
222
223
222
223
222
223
222
223
222
223
228
229
228
229
228
229
228
229
228
229
228
229
228
229
228
223
223
223
223
228
228
231
233
233
233
233
231
231
231
229
231
229
231
229
231
229
231
229
237
237
237
237
236
236
236
237
240
237
240
237
240
237
240
237
240
242
243
242
243
242
243
242
243
242
243
242
240
242
240
242
240
242
240
242
240
202
202
202
202
202
202
202
202
202
202
173
173
173
173
173
204
204
204
204
172
172
172
172
172
186
186
186
186
186
186
186
186
186
186
186
186
186
186
186
186
186
186
185
185
185
185
185
185
185
185
185
185
185
184
184
184
184
184
184
184
184
184
184
184
184
184
184
184
184
184
163
163
163
163
163
163
163
163
162
162
162
162
162
162
162
162
162
162
162
162
162
162
162
162
162
162
162
164
164
164
164
164
165
165
165
165
165
165
170
170
170
170
170
170
170
171
171
171
171
171
171
171
174
174
174
174
174
174
174
174
174
174
200
200
200
200
200
200
200
200
200
200
200
205
205
205
205
205
205
205
205
205
175
175
175
175
175
175
175
175
175
186
186
186
186
186
186
186
186
186
186
186
186
186
186
186
186
186
186
206
206
206
206
206
206
206
176
176
176
176
176
176
207
207
207
207
207
207
207
177
177
177
177
177
177
208
208
208
208
208
208
208
178
178
178
178
178
178
210
210
210
210
210
210
182
182
182
182
182
182
182
182
182
211
211
211
211
211
211
211
211
211
211
183
183
183
183
183
183
183
183
183
183
183
183
183
183
183
183
183
212
212
212
212
212
212
212
212
212
212
212
212
212
212
212
212
212
212
212
220
220
220
220
220
220
220
216
216
216
216
216
216
216
216
216
216
216
216
216
216
216
216
216
216
221
221
221
221
221
221
221
221
221
221
222
222
222
222
222
222
222
222
222
222
223
223
223
223
223
223
223
223
228
228
228
228
228
229
229
229
229
229
229
229
229
229
229
231
231
231
231
231
231
233
233
233
233
233
233
233
233
233
233
233
233
233
233
233
233
233
233
233
237
237
237
237
237
237
237
237
236
236
236
236
236
236
236
236
236
236
236
236
236
236
236
236
236
236
240
240
240
240
240
240
240
240
240
240
242
242
242
242
242
242
242
242
242
242
242
242
243
243
243
243
243
243
243
243
243
243
243
243
243
243
243
243
243
243
243
243
