186
185
187
185
186
187
187
185
187
202
200
187
202
202
187
200
202
204
173
204
202
173
173
202
174
174
202
173
204
173
172
172
173
204
172
204
205
205
204
172
172
205
165
212
164
165
212
212
165
164
212
164
163
163
164
212
212
163
163
212
216
216
212
163
216
163
220
163
220
220
163
162
162
163
216
216
162
162
216
220
220
162
162
220
159
220
159
159
220
162
159
162
23
23
162
159
23
159
22
22
159
23
25
234
233
234
25
26
26
25
234
234
25
233
234
233
145
233
145
145
233
234
234
233
236
236
233
234
236
234
26
26
236
236
26
234
234
26
143
26
143
143
26
142
26
142
142
26
27
27
26
142
142
26
143
143
26
234
143
234
144
144
234
145
144
145
236
145
236
236
145
234
144
236
143
236
143
143
236
234
144
143
9
143
9
9
143
10
10
143
11
143
11
11
143
142
142
11
11
142
12
142
12
12
142
11
11
142
143
11
143
10
10
143
144
144
10
10
144
9
12
11
62
11
62
62
11
60
11
60
60
11
12
12
60
60
12
62
27
142
141
141
142
27
142
27
141
27
32
32
27
141
27
141
141
32
73
76
107
76
73
107
107
73
108
73
108
108
73
107
76
107
105
105
107
76
105
76
77
77
76
105
105
77
103
96
95
96
103
94
103
94
94
103
95
94
95
96
96
94
91
92
93
92
91
93
91
93
120
119
41
119
120
41
120
41
119
41
45
45
41
119
41
119
45
119
46
119
46
46
119
45
119
45
185
184
174
175
172
171
205
206
184
183
175
176
171
170
206
207
183
182
176
177
207
208
182
177
208
210
210
211
211
212
165
170
220
221
159
158
22
20
25
23
233
231
146
147
236
237
9
8
12
13
60
59
32
33
123
33
123
33
123
121
73
62
108
109
77
78
104
105
85
83
103
104
94
93
91
86
221
222
221
158
221
158
158
154
20
18
231
229
147
149
237
240
13
15
59
246
59
246
59
57
33
35
121
37
121
37
109
110
78
83
222
223
154
151
18
16
229
228
149
151
240
242
15
16
246
258
246
245
57
258
57
258
57
46
35
37
37
39
110
111
223
228
242
243
245
244
111
113
243
244
113
114
114
116
116
117
117
118
120
121
216
216
10
9
186
185
186
186
186
186
186
185
185
185
185
185
186
187
186
186
186
186
186
187
187
187
187
187
187
186
186
185
187
200
200
200
200
202
187
200
200
187
187
187
187
187
187
187
200
200
200
200
200
200
200
202
200
200
200
200
200
200
202
202
202
202
202
202
202
204
202
202
202
202
204
204
204
204
202
173
202
173
202
174
174
202
202
202
174
174
202
173
202
202
173
173
173
174
173
173
173
173
173
173
174
174
174
174
174
174
173
204
173
204
173
173
173
173
173
173
172
172
172
172
172
172
173
204
173
204
204
204
172
204
172
172
205
204
204
204
204
204
204
204
205
205
205
205
205
205
204
204
172
204
204
172
172
204
204
204
164
164
212
164
165
165
165
165
165
165
164
164
164
164
164
164
212
212
164
164
212
164
163
164
164
164
164
163
163
163
163
164
164
212
164
212
212
212
216
212
212
212
212
216
216
216
216
163
216
163
216
163
163
163
163
163
163
162
162
162
162
162
162
163
216
163
216
163
216
220
216
216
216
216
216
216
220
220
220
220
220
220
159
162
159
162
159
159
162
162
23
162
162
162
23
23
162
162
159
159
159
23
159
23
159
23
22
159
159
23
22
22
159
23
159
159
23
23
23
23
23
23
23
23
23
22
22
22
22
22
25
234
234
25
25
234
25
26
25
25
25
25
26
26
26
26
25
234
234
25
25
234
25
233
25
25
25
25
233
233
233
233
233
234
233
234
233
234
234
234
145
145
233
234
233
234
233
236
236
233
233
233
236
236
233
234
233
234
234
236
234
236
234
26
234
26
234
234
234
26
234
26
234
142
143
143
26
26
26
26
26
26
26
26
27
27
27
27
27
27
26
234
234
234
143
26
234
26
26
234
234
234
234
143
234
143
143
234
144
234
144
234
234
145
234
234
145
145
144
145
145
145
145
144
144
144
144
145
144
144
236
145
145
234
145
234
234
234
236
234
236
236
144
236
236
144
144
144
236
234
236
234
234
143
143
234
143
143
143
144
143
144
143
10
143
10
11
143
142
143
142
142
142
142
143
11
11
142
142
12
11
11
11
11
142
142
143
142
142
143
143
10
10
143
10
143
10
143
144
143
144
144
9
144
144
144
144
9
9
9
9
9
10
9
9
9
9
10
10
10
10
10
11
10
10
10
10
11
11
11
11
12
12
11
11
60
12
11
11
11
12
12
12
60
12
12
62
12
12
12
62
62
62
60
62
62
62
62
60
60
60
60
141
142
142
142
142
142
142
141
141
141
141
141
141
141
26
27
27
32
27
27
27
27
27
32
32
32
32
32
142
141
27
27
32
73
76
73
73
73
73
76
76
76
76
73
107
107
73
73
107
73
107
107
108
73
107
107
73
107
107
107
108
107
107
107
107
107
107
108
108
108
108
108
108
107
76
107
76
107
107
107
107
107
107
107
105
105
105
105
105
107
76
107
76
76
76
105
76
105
105
76
77
76
76
76
76
76
77
77
77
77
77
76
105
105
76
105
105
105
76
76
76
77
103
96
103
103
103
103
103
96
96
96
96
96
103
94
103
103
95
103
95
95
95
94
95
95
95
95
94
94
94
94
95
96
95
95
95
96
96
96
96
94
91
91
91
91
91
91
91
91
92
92
92
92
92
92
92
93
92
93
93
93
93
93
93
93
92
92
92
92
92
92
92
120
119
120
120
120
120
120
119
119
119
119
119
41
41
41
41
41
41
41
45
45
45
45
45
45
45
120
120
119
46
45
45
41
45
45
46
45
45
45
45
45
46
46
46
46
46
185
185
185
185
185
185
184
184
184
184
184
184
174
174
174
174
174
174
175
175
175
175
175
175
172
172
172
172
172
172
172
172
171
171
171
171
171
171
171
171
205
205
205
205
205
205
206
206
206
206
206
206
184
184
184
184
184
184
183
183
183
183
183
183
175
175
175
175
175
175
175
176
176
176
176
176
176
176
176
171
171
171
171
171
171
171
171
170
170
170
170
170
170
170
170
206
206
206
206
206
206
206
207
207
207
207
207
207
207
207
183
183
183
183
183
183
182
182
182
182
182
182
176
176
176
176
176
176
176
176
177
177
177
177
177
177
177
177
207
207
207
207
207
207
207
207
208
208
208
208
208
208
208
208
182
182
182
182
182
182
182
182
177
177
177
177
177
177
177
208
208
208
208
208
208
210
210
210
210
210
210
210
210
210
210
210
210
211
211
211
211
211
211
211
211
211
211
211
211
211
211
212
212
212
212
212
212
212
165
165
165
165
165
165
165
165
170
170
170
170
170
170
170
170
220
220
220
220
220
220
220
220
221
221
221
221
221
221
221
221
159
159
159
159
159
159
159
159
158
158
158
158
158
158
158
158
22
22
22
22
22
22
20
20
20
20
20
20
25
25
25
25
25
25
25
23
23
23
23
23
23
23
23
233
233
233
233
233
233
233
233
231
231
231
231
231
231
231
231
146
146
146
146
146
146
146
146
147
147
147
147
147
147
147
147
236
236
236
236
236
236
237
237
237
237
237
237
9
9
9
9
9
9
9
9
8
8
8
8
8
8
8
12
12
12
12
12
12
13
13
13
13
13
13
60
60
60
60
60
60
59
59
59
59
59
59
32
32
32
32
32
32
32
32
33
33
33
33
33
33
33
123
123
123
123
123
33
33
33
33
33
123
123
123
123
123
123
123
123
121
121
121
121
121
121
121
73
73
73
73
73
73
73
73
62
62
62
62
62
62
62
108
108
108
108
108
108
109
109
109
109
109
109
77
77
77
77
77
77
77
77
78
78
78
78
78
78
78
104
104
104
104
104
104
105
105
105
105
105
105
85
85
85
85
85
85
83
83
83
83
83
83
103
103
103
103
103
103
104
104
104
104
104
104
94
94
94
94
94
94
93
93
93
93
93
93
91
91
91
91
91
91
91
86
86
86
86
86
86
221
221
221
221
221
221
222
222
222
222
222
222
221
221
221
221
221
158
158
158
158
158
158
158
158
158
158
158
154
154
154
154
154
154
20
20
20
20
20
20
18
18
18
18
18
18
231
231
231
231
231
231
231
231
229
229
229
229
229
229
229
229
147
147
147
147
147
147
149
149
149
149
149
149
237
237
237
237
237
237
240
240
240
240
240
240
13
13
13
13
13
13
13
13
15
15
15
15
15
15
15
15
59
59
59
59
59
246
246
246
246
246
59
59
59
59
59
59
59
57
57
57
57
57
57
57
57
33
33
33
33
33
33
33
33
35
35
35
35
35
35
35
35
121
121
121
121
121
37
37
37
37
37
109
109
109
109
109
109
109
109
110
110
110
110
110
110
110
78
78
78
78
78
78
83
83
83
83
83
83
222
222
222
222
222
222
222
222
223
223
223
223
223
223
223
154
154
154
154
154
154
154
154
151
151
151
151
151
151
151
151
18
18
18
18
18
18
18
18
16
16
16
16
16
16
16
229
229
229
229
229
229
228
228
228
228
228
228
149
149
149
149
149
149
151
151
151
151
151
151
240
240
240
240
240
240
242
242
242
242
242
242
15
15
15
15
15
15
16
16
16
16
16
16
246
246
246
246
246
246
258
258
258
258
258
258
246
246
246
246
246
246
245
245
245
245
245
245
57
57
57
57
57
258
258
258
258
258
57
57
57
57
57
57
46
46
46
46
46
46
35
35
35
35
35
35
35
35
37
37
37
37
37
37
37
37
37
37
37
37
37
37
39
39
39
39
39
39
110
110
110
110
110
110
111
111
111
111
111
111
223
223
223
223
223
223
223
223
228
228
228
228
228
228
228
242
242
242
242
242
242
242
242
243
243
243
243
243
243
243
245
245
245
245
245
245
245
245
244
244
244
244
244
244
244
244
111
111
111
111
111
111
111
111
113
113
113
113
113
113
113
243
243
243
243
243
243
244
244
244
244
244
244
113
113
113
113
113
113
114
114
114
114
114
114
114
114
114
114
114
114
116
116
116
116
116
116
116
116
116
116
116
116
116
116
117
117
117
117
117
117
117
117
117
117
117
117
117
117
117
117
118
118
118
118
118
118
118
118
120
120
120
120
120
120
120
121
121
121
121
121
121
121
121
212
164
164
163
212
216
163
163
216
162
143
144
186
185
186
185
186
185
186
185
186
187
186
187
186
187
186
187
187
200
200
187
200
200
187
200
200
187
200
200
187
187
200
200
202
200
202
200
202
200
202
200
202
204
173
202
173
202
204
202
204
202
204
173
173
174
173
202
174
174
202
173
173
174
173
174
173
174
173
174
173
174
173
204
173
173
172
172
173
172
204
205
205
204
204
204
165
165
164
164
165
164
164
163
164
163
164
163
216
212
216
212
216
212
216
216
216
216
163
163
162
162
163
162
216
220
216
220
216
220
216
220
216
220
23
162
162
159
162
23
23
162
23
22
23
159
159
22
159
23
22
23
23
22
22
25
25
233
25
26
234
25
26
234
25
26
25
26
25
26
25
234
233
25
233
25
233
25
233
234
234
233
233
236
26
27
27
27
26
27
26
234
144
234
144
145
144
145
144
145
144
145
144
236
234
234
234
144
145
236
144
144
236
144
236
234
234
143
144
144
9
10
142
143
143
143
143
10
144
9
144
9
144
9
9
10
9
10
9
10
10
11
10
11
10
11
12
11
62
11
11
12
12
62
62
62
12
62
62
62
60
62
60
62
60
142
141
141
141
142
141
27
32
27
32
27
32
27
32
107
73
73
76
107
73
107
76
73
76
73
76
73
76
107
108
107
108
107
108
107
108
107
108
107
107
107
76
105
107
107
105
105
76
77
76
77
76
77
76
77
95
96
103
94
103
96
103
96
103
96
103
96
103
96
103
96
95
94
95
103
95
96
95
94
95
94
95
94
95
96
95
96
91
92
91
92
91
91
93
92
93
92
93
92
93
92
93
92
93
92
120
119
120
119
120
119
120
119
45
41
41
45
45
45
45
46
45
46
45
46
45
46
185
184
185
184
185
184
185
184
185
184
174
175
174
175
174
175
174
175
174
175
172
171
172
171
172
171
172
171
172
171
172
171
172
171
205
206
205
206
205
206
205
206
205
206
184
183
184
183
184
183
184
183
184
183
176
175
176
175
175
176
176
171
170
171
170
171
170
171
170
171
170
171
170
171
170
207
207
207
206
206
206
206
183
182
183
182
183
182
183
182
183
182
176
177
176
177
176
177
176
177
176
177
176
177
176
177
207
208
207
208
207
208
207
208
207
208
207
208
207
208
182
182
182
177
177
177
177
208
210
208
210
208
210
208
210
208
210
210
211
210
211
210
211
210
211
210
211
211
212
211
212
212
212
212
165
170
165
170
165
170
165
170
165
170
165
170
165
170
220
221
220
221
220
221
220
221
220
221
220
221
220
221
159
158
159
158
159
158
159
158
159
158
159
158
159
158
22
20
22
20
22
20
22
20
22
20
25
25
25
25
23
23
23
233
231
233
231
233
231
233
231
233
231
233
231
233
231
146
147
146
147
146
147
146
147
146
147
146
147
146
147
236
237
236
237
236
237
236
237
236
237
9
9
9
8
8
8
8
12
13
12
13
12
13
12
13
12
13
60
59
60
59
60
59
60
59
60
59
32
33
33
33
33
32
32
123
121
121
121
121
123
123
73
62
73
73
62
73
62
108
109
108
109
108
109
108
109
108
109
77
77
78
77
78
78
77
104
105
104
105
104
105
104
105
104
105
85
83
85
83
85
83
85
83
85
83
103
104
103
104
103
104
103
104
103
104
94
93
94
93
94
93
94
93
94
93
91
86
86
91
91
86
91
86
86
91
91
86
91
86
86
221
222
221
222
221
222
221
222
221
222
158
154
158
154
158
154
158
154
158
154
20
18
20
18
20
18
20
18
20
18
231
229
231
229
231
229
231
229
231
229
231
229
231
229
147
149
147
149
147
149
147
149
147
149
237
240
237
240
237
240
237
240
237
240
13
15
13
15
13
15
13
15
13
15
13
15
13
15
57
59
59
57
59
57
57
33
35
33
35
33
35
33
35
33
35
33
35
33
35
109
110
109
110
109
109
110
78
83
78
83
78
83
78
83
78
83
223
222
222
223
222
223
222
154
151
154
151
154
151
154
151
154
151
154
151
154
151
18
16
18
16
16
18
16
229
228
229
228
229
228
229
228
229
228
149
151
149
151
149
151
149
151
149
151
240
242
240
242
240
242
240
242
240
242
15
16
15
16
15
16
15
16
15
16
246
258
246
258
246
258
246
258
246
258
246
245
246
245
246
245
246
245
246
245
57
46
57
46
57
46
57
46
57
46
35
37
35
37
35
37
35
37
35
37
35
37
35
37
37
39
37
39
37
39
37
39
37
39
110
111
110
111
110
111
110
111
110
111
228
228
228
228
223
223
228
242
243
242
242
243
243
242
245
244
245
244
245
244
245
244
245
244
245
244
245
244
113
111
113
113
113
111
111
243
244
243
244
243
244
243
244
243
244
113
114
113
114
113
114
113
114
113
114
114
116
114
116
114
116
114
116
114
116
116
117
116
117
116
117
116
117
116
117
116
117
116
117
117
118
117
118
117
118
117
118
117
118
117
118
117
118
121
121
121
120
120
120
120
186
186
186
186
186
186
186
186
186
186
186
186
186
186
185
185
185
185
185
185
185
185
185
187
187
187
187
187
187
187
187
187
187
187
187
187
202
202
202
202
202
200
200
200
200
200
200
200
200
200
200
200
200
200
200
200
204
204
204
204
204
173
173
174
174
174
174
174
174
174
172
172
172
172
172
172
205
205
205
205
205
205
205
205
212
212
212
212
165
165
165
165
165
165
165
164
164
164
164
164
163
163
216
216
216
216
216
220
220
220
220
162
162
162
162
159
23
23
23
22
22
22
22
22
22
22
25
25
25
25
25
26
26
26
26
234
234
233
233
145
145
145
145
145
145
145
145
145
145
145
145
145
145
145
236
143
142
27
27
27
27
27
27
144
9
9
9
9
10
10
10
10
11
11
12
12
62
62
62
60
60
60
60
60
141
141
141
141
141
141
141
141
141
141
141
141
141
141
141
32
32
32
32
73
73
73
73
76
76
76
76
107
107
107
108
108
108
108
108
108
108
105
105
105
105
105
105
77
77
77
77
77
77
77
103
103
103
103
96
96
96
96
96
96
96
96
96
96
96
96
96
94
94
94
94
94
95
95
95
95
95
95
95
95
95
95
95
95
91
91
91
91
91
91
91
92
92
92
92
92
92
92
92
93
93
93
93
93
93
93
93
93
120
120
120
119
119
119
119
119
119
119
119
119
119
119
119
119
119
41
41
41
41
41
41
41
41
41
41
41
41
41
41
41
41
45
45
45
45
45
45
45
46
46
46
46
46
46
46
46
184
184
184
184
184
184
184
184
184
175
175
175
175
175
175
175
175
171
171
171
171
171
171
171
171
206
206
206
206
206
206
183
183
183
183
183
183
183
183
183
183
183
176
176
176
176
176
176
176
176
170
170
170
170
170
170
170
170
207
207
207
207
207
207
207
207
182
182
182
182
182
182
177
177
177
177
177
177
208
208
208
208
208
208
208
208
208
210
210
210
210
210
210
210
210
211
211
211
211
211
211
211
211
221
221
221
221
221
221
158
158
158
158
158
158
20
20
20
20
20
20
20
20
20
20
231
231
231
231
231
231
231
231
146
146
146
146
146
146
146
146
146
146
146
146
146
146
146
146
146
146
146
146
147
147
147
147
147
147
147
237
237
237
237
237
237
237
237
237
8
8
8
8
8
8
8
8
8
8
8
8
8
8
8
8
8
13
13
13
13
13
13
13
13
59
59
59
59
59
33
33
33
33
33
33
123
123
123
123
123
123
123
123
123
123
123
123
123
123
123
123
123
121
121
121
121
121
121
109
109
109
109
109
109
109
109
109
109
78
78
78
78
78
78
104
104
104
104
104
104
104
104
104
104
85
85
85
85
85
85
85
85
85
85
85
85
85
85
85
85
85
85
85
83
83
83
83
83
83
83
83
83
83
83
86
86
86
86
86
86
86
86
86
86
86
86
86
86
86
86
86
86
86
86
86
86
222
222
222
222
222
222
222
222
154
154
154
154
154
154
154
154
154
18
18
18
18
18
18
18
18
229
229
229
229
229
229
229
149
149
149
149
149
149
149
149
149
149
149
240
240
240
240
240
240
240
240
240
240
240
240
15
15
15
15
15
15
15
15
15
246
246
246
246
246
57
57
57
57
57
57
35
35
35
35
35
35
35
35
37
37
37
37
37
37
37
37
110
110
110
110
110
110
110
223
223
223
223
223
151
151
151
151
151
151
151
151
16
16
16
16
16
16
16
16
16
228
228
228
228
228
228
228
228
228
228
242
242
242
242
242
242
242
258
258
258
258
258
258
258
258
258
258
258
258
258
258
258
258
258
245
245
245
245
245
245
245
39
39
39
39
39
39
39
39
39
39
39
39
39
39
39
39
39
39
39
39
111
111
111
111
111
111
111
111
111
243
243
243
243
243
243
243
243
243
244
244
244
244
244
244
244
113
113
113
113
113
113
113
113
114
114
114
114
114
114
114
114
114
114
116
116
116
116
116
116
116
116
116
116
117
117
117
117
117
117
117
118
118
118
118
118
118
118
118
118
118
118
118
118
118
118
118
118
118
163
162
