185
184
186
184
185
186
186
184
202
204
173
204
202
173
202
173
204
173
172
172
173
204
204
172
162
23
159
162
23
23
162
159
23
159
22
22
159
23
23
159
158
158
159
23
23
158
22
23
26
26
23
25
25
23
233
23
233
233
23
25
25
23
234
25
234
234
23
25
25
23
26
26
23
22
22
26
234
25
233
234
233
145
233
145
145
233
234
234
233
25
145
234
144
234
144
144
234
143
234
143
143
234
144
144
234
145
234
145
143
144
9
144
9
9
144
143
9
143
10
10
143
142
142
143
10
10
143
9
10
142
142
10
11
11
10
142
11
142
141
141
142
11
11
141
11
60
62
60
11
12
12
11
62
12
62
60
73
76
107
76
73
107
73
107
121
37
120
37
121
35
121
35
35
121
37
37
121
39
121
39
39
121
120
39
120
41
120
41
41
120
39
39
120
37
120
37
103
96
95
96
103
94
103
94
94
103
95
94
95
96
96
94
184
183
186
186
183
182
186
200
182
178
178
177
177
176
176
175
175
174
174
173
202
200
204
205
172
171
205
206
171
170
206
207
170
165
207
208
165
164
208
210
164
163
210
211
211
212
212
164
212
164
216
220
162
163
22
20
158
26
158
26
158
154
26
27
233
231
146
147
236
237
9
8
141
123
60
59
12
13
73
62
76
77
107
105
108
109
220
221
20
18
154
151
27
32
231
229
147
149
237
240
8
7
123
33
123
33
123
32
123
32
59
57
59
246
59
246
13
15
77
78
105
104
105
83
105
83
109
110
221
222
18
16
151
149
32
33
229
228
240
242
7
6
33
35
57
46
57
250
57
250
246
245
246
250
15
16
78
83
83
85
110
111
222
223
228
223
242
243
6
5
46
45
250
251
245
244
85
86
111
113
243
244
243
5
243
5
45
119
45
119
45
41
251
258
86
91
113
114
119
120
119
118
91
92
114
116
118
117
92
93
116
117
93
94
121
123
103
104
121
37
39
120
185
185
185
185
185
185
185
184
184
184
184
184
185
186
185
185
185
185
186
186
186
186
185
202
204
202
202
202
202
202
202
202
204
204
204
204
204
204
204
202
204
204
204
173
173
173
204
173
173
204
173
173
173
173
173
173
173
172
172
172
172
172
173
173
204
173
204
204
204
204
173
173
172
159
159
159
162
159
162
162
162
162
162
159
159
159
159
159
159
159
159
22
159
159
159
22
22
22
159
159
159
158
159
159
159
159
159
158
158
158
158
158
159
159
159
23
159
159
23
22
23
22
23
25
26
23
25
26
23
23
23
25
25
25
233
25
25
25
23
23
25
25
23
25
26
23
25
26
23
22
23
23
23
22
22
22
22
23
23
23
25
26
26
26
26
26
26
26
26
25
25
25
25
25
25
25
25
25
25
234
234
234
234
234
25
233
25
25
233
233
233
234
233
234
145
233
234
233
233
234
234
234
233
25
233
25
25
234
144
144
145
143
144
145
144
145
145
145
145
145
145
145
144
144
144
144
144
144
144
144
143
144
144
144
144
143
143
143
143
144
143
143
9
144
143
144
144
143
143
143
143
9
143
143
9
143
10
143
10
143
142
143
143
143
143
142
142
142
142
143
10
143
10
143
143
9
143
9
9
9
10
9
9
9
9
9
9
10
10
10
10
10
10
10
11
10
10
10
10
10
10
11
11
11
11
11
11
142
11
11
142
142
11
11
11
142
141
142
142
142
142
142
142
142
142
141
141
141
141
141
141
141
141
142
11
11
142
142
11
11
142
142
142
141
11
11
60
11
11
11
60
60
11
12
11
11
11
11
12
12
12
12
11
11
62
11
62
62
62
12
62
62
62
12
12
12
62
60
62
62
62
62
60
60
60
60
60
12
12
60
60
12
73
76
73
73
73
73
76
76
76
76
73
76
76
107
107
76
76
107
107
107
76
76
76
76
121
37
37
121
37
37
121
121
37
37
35
121
37
37
121
121
37
121
120
121
121
121
121
121
120
120
120
120
120
120
120
39
120
120
39
120
39
39
39
41
120
120
39
120
39
39
37
39
37
37
37
37
37
39
39
39
39
39
39
41
39
39
39
39
39
41
41
41
41
41
37
35
37
37
37
37
35
35
35
35
103
96
103
103
103
96
96
96
103
94
103
95
95
103
103
95
95
94
95
95
95
94
94
94
95
96
95
95
95
96
96
96
184
184
184
184
184
184
183
183
183
183
183
183
186
186
186
186
186
186
186
186
186
186
186
186
183
183
183
183
183
183
182
182
182
182
182
182
186
186
186
186
186
186
186
186
200
200
200
200
200
200
200
200
182
182
182
182
182
182
178
178
178
178
178
178
178
178
178
178
178
178
178
177
177
177
177
177
177
177
177
177
177
177
177
177
177
177
177
176
176
176
176
176
176
176
176
176
176
176
176
176
176
175
175
175
175
175
175
175
175
175
175
175
175
175
175
174
174
174
174
174
174
174
174
174
174
174
174
173
173
173
173
173
173
202
202
202
202
202
202
200
200
200
200
200
200
204
204
204
204
204
204
205
205
205
205
205
205
172
172
172
172
172
172
172
172
171
171
171
171
171
171
171
171
205
205
205
205
205
205
206
206
206
206
206
206
171
171
171
171
171
171
171
171
170
170
170
170
170
170
170
170
206
206
206
206
206
206
206
206
207
207
207
207
207
207
207
170
170
170
170
170
170
165
165
165
165
165
165
207
207
207
207
207
207
207
207
208
208
208
208
208
208
208
165
165
165
165
165
165
165
164
164
164
164
164
164
164
164
208
208
208
208
208
208
208
208
210
210
210
210
210
210
210
210
164
164
164
164
164
164
164
164
163
163
163
163
163
163
163
163
210
210
210
210
210
210
210
210
211
211
211
211
211
211
211
211
211
211
211
211
211
211
212
212
212
212
212
212
212
212
212
212
212
164
164
164
164
164
216
216
216
216
216
216
216
216
220
220
220
220
220
220
220
162
162
162
162
162
162
162
162
163
163
163
163
163
163
163
163
22
22
22
22
22
22
22
22
20
20
20
20
20
20
20
20
158
158
158
158
158
26
26
26
26
26
158
158
158
158
158
158
154
154
154
154
154
154
154
26
26
26
26
26
26
26
26
27
27
27
27
27
27
27
27
233
233
233
233
233
233
233
231
231
231
231
231
231
231
231
146
146
146
146
146
146
146
146
147
147
147
147
147
147
147
147
236
236
236
236
236
236
236
236
237
237
237
237
237
237
237
9
9
9
9
9
9
8
8
8
8
8
8
141
141
141
141
141
141
123
123
123
123
123
123
60
60
60
60
60
60
60
60
59
59
59
59
59
59
59
12
12
12
12
12
12
12
12
13
13
13
13
13
13
13
13
73
73
73
73
73
73
62
62
62
62
62
62
76
76
76
76
76
76
76
76
77
77
77
77
77
77
77
77
107
107
107
107
107
107
107
107
105
105
105
105
105
105
105
108
108
108
108
108
108
108
108
109
109
109
109
109
109
109
109
220
220
220
220
220
220
220
220
221
221
221
221
221
221
221
20
20
20
20
20
20
20
18
18
18
18
18
18
18
18
154
154
154
154
154
154
151
151
151
151
151
151
27
27
27
27
27
27
27
32
32
32
32
32
32
32
32
231
231
231
231
231
231
229
229
229
229
229
229
147
147
147
147
147
147
149
149
149
149
149
149
237
237
237
237
237
237
240
240
240
240
240
240
8
8
8
8
8
8
7
7
7
7
7
7
123
123
123
123
123
33
33
33
33
33
123
123
123
123
123
32
32
32
32
32
59
59
59
59
59
59
59
59
57
57
57
57
57
57
57
57
59
59
59
59
59
246
246
246
246
246
13
13
13
13
13
13
15
15
15
15
15
15
77
77
77
77
77
77
77
77
78
78
78
78
78
78
78
105
105
105
105
105
105
105
105
104
104
104
104
104
104
104
104
105
105
105
105
105
83
83
83
83
83
109
109
109
109
109
109
110
110
110
110
110
110
221
221
221
221
221
221
222
222
222
222
222
222
18
18
18
18
18
18
18
16
16
16
16
16
16
16
16
151
151
151
151
151
151
149
149
149
149
149
149
32
32
32
32
32
32
32
32
33
33
33
33
33
33
33
33
229
229
229
229
229
229
229
229
228
228
228
228
228
228
228
228
240
240
240
240
240
240
242
242
242
242
242
242
7
7
7
7
7
7
7
6
6
6
6
6
6
33
33
33
33
33
33
33
35
35
35
35
35
35
35
35
57
57
57
57
57
57
46
46
46
46
46
46
57
57
57
57
57
250
250
250
250
250
246
246
246
246
246
246
246
245
245
245
245
245
245
245
245
246
246
246
246
246
246
250
250
250
250
250
250
15
15
15
15
15
15
16
16
16
16
16
16
78
78
78
78
78
78
83
83
83
83
83
83
83
83
83
83
83
83
85
85
85
85
85
85
110
110
110
110
110
110
111
111
111
111
111
111
222
222
222
222
222
222
223
223
223
223
223
223
228
228
228
228
228
228
228
223
223
223
223
223
223
223
223
242
242
242
242
242
242
243
243
243
243
243
243
6
6
6
6
6
6
6
6
5
5
5
5
5
5
5
46
46
46
46
46
46
46
45
45
45
45
45
45
45
45
250
250
250
250
250
250
251
251
251
251
251
251
245
245
245
245
245
245
245
245
244
244
244
244
244
244
244
85
85
85
85
85
85
86
86
86
86
86
86
111
111
111
111
111
111
111
111
113
113
113
113
113
113
113
243
243
243
243
243
243
243
243
244
244
244
244
244
244
244
243
243
243
243
243
5
5
5
5
5
45
45
45
45
45
119
119
119
119
119
45
45
45
45
45
45
45
45
41
41
41
41
41
41
41
251
251
251
251
251
251
251
251
258
258
258
258
258
258
258
86
86
86
86
86
86
91
91
91
91
91
91
113
113
113
113
113
113
114
114
114
114
114
114
119
119
119
119
119
119
120
120
120
120
120
120
119
119
119
119
119
119
118
118
118
118
118
118
91
91
91
91
91
91
91
92
92
92
92
92
92
92
92
114
114
114
114
114
114
116
116
116
116
116
116
118
118
118
118
118
118
117
117
117
117
117
117
92
92
92
92
92
92
92
92
93
93
93
93
93
93
93
93
116
116
116
116
116
116
116
117
117
117
117
117
117
117
117
93
93
93
93
93
93
93
93
94
94
94
94
94
94
94
94
121
121
121
121
121
121
123
123
123
123
123
123
103
103
103
103
103
103
103
103
104
104
104
104
104
104
104
104
143
143
10
11
11
142
121
37
37
39
39
39
120
120
121
184
184
184
185
184
185
186
185
186
185
186
202
204
202
204
202
204
202
204
202
204
202
204
173
172
172
172
172
162
159
162
159
162
159
162
159
159
23
159
22
159
22
159
158
159
158
159
158
159
158
23
25
25
23
22
23
22
25
26
25
26
26
234
25
25
234
234
25
233
234
234
234
145
144
145
144
145
144
145
144
145
144
145
144
144
143
144
143
144
143
144
143
10
143
143
143
143
142
143
142
143
142
10
143
9
10
9
10
9
10
9
10
9
10
10
11
10
11
10
11
10
11
10
11
142
11
11
142
141
142
141
142
141
142
141
142
141
142
141
142
141
60
11
11
11
60
60
12
11
12
11
12
11
12
12
60
62
12
62
12
62
60
62
60
62
60
73
76
73
76
73
76
107
107
76
107
76
76
121
120
121
120
121
120
121
120
37
39
37
39
37
39
37
39
39
41
39
41
39
41
39
41
37
35
37
35
37
35
96
96
94
96
103
103
96
103
96
95
95
95
103
94
95
95
95
94
95
94
95
96
95
96
184
183
184
183
184
183
184
183
184
183
186
186
186
186
186
186
186
186
186
186
183
182
183
182
183
182
183
182
183
182
186
200
186
200
186
200
186
200
186
200
186
200
186
200
182
178
182
178
182
178
182
178
182
178
178
178
178
178
177
177
177
177
177
177
176
176
176
176
175
176
175
176
176
175
176
175
174
175
174
175
174
175
174
175
174
174
173
174
173
174
173
174
173
174
173
202
200
202
200
202
200
202
200
202
200
204
205
204
205
204
205
204
205
204
205
172
171
172
171
172
171
172
171
172
171
172
171
172
171
205
206
205
206
205
206
205
206
205
206
171
170
171
170
171
170
171
170
171
170
171
170
171
170
207
206
207
206
206
207
206
170
165
170
165
170
165
170
165
170
165
207
208
207
208
208
208
208
164
165
165
165
165
164
164
208
210
208
210
208
210
208
210
208
210
208
210
208
210
164
163
164
163
164
163
164
163
164
163
164
163
164
163
210
211
210
211
210
211
210
211
210
211
210
211
210
211
211
212
211
212
211
212
211
212
211
212
216
220
220
220
220
216
216
162
163
162
163
162
163
162
163
162
163
162
163
162
163
22
20
22
20
22
20
22
20
22
20
22
20
22
20
158
158
154
158
158
154
158
158
154
158
154
154
158
154
154
26
27
26
27
26
27
26
27
26
27
26
27
26
27
231
231
233
233
233
233
231
146
147
146
147
146
147
146
147
146
147
146
147
146
147
237
236
237
237
236
237
236
9
8
9
8
9
8
9
8
9
8
141
123
141
123
141
123
141
123
141
123
59
60
60
59
60
59
59
12
13
12
13
12
13
12
13
12
13
12
13
12
13
73
62
73
62
73
62
73
62
73
62
76
77
76
77
76
77
76
77
76
77
76
77
76
77
107
107
107
105
105
105
105
108
109
108
109
108
109
108
109
108
109
108
109
108
109
220
221
220
221
221
220
221
20
18
20
20
18
20
18
154
151
154
151
154
151
154
151
154
151
32
27
32
27
27
32
27
231
229
231
229
231
229
231
229
231
229
147
149
147
149
147
149
147
149
147
149
237
240
237
240
237
240
237
240
237
240
8
7
8
7
8
7
8
7
8
7
59
57
59
57
59
57
59
57
59
57
59
57
59
57
13
15
13
15
13
15
13
15
13
15
78
78
78
78
77
77
77
105
104
105
104
105
104
105
104
105
104
105
104
105
104
109
110
109
110
109
110
109
110
109
110
221
222
221
222
221
222
221
222
221
222
18
18
16
18
16
16
18
151
149
151
149
151
149
151
149
151
149
32
33
32
33
32
33
32
33
32
33
32
33
32
33
229
228
229
228
229
228
229
228
229
228
229
228
229
228
240
242
240
242
240
242
240
242
240
242
7
6
6
7
7
6
7
6
6
7
7
6
7
6
6
35
35
33
33
33
33
35
57
46
57
46
57
46
57
46
57
46
245
245
246
245
246
246
245
246
250
246
250
246
250
246
250
246
250
15
16
15
16
15
16
15
16
15
16
78
83
78
83
78
83
78
83
78
83
83
85
83
85
83
85
83
85
83
85
110
111
110
111
110
111
110
111
110
111
222
223
222
223
222
223
222
223
222
223
223
228
223
228
228
223
228
242
243
242
243
242
243
242
243
242
243
6
6
6
5
5
5
5
46
46
45
46
46
46
46
250
251
250
251
250
251
250
251
250
251
244
245
244
244
245
244
245
85
86
85
86
85
86
85
86
85
86
113
111
111
113
111
113
113
243
244
244
244
244
243
243
41
41
45
41
45
45
41
251
258
258
258
258
251
251
86
91
86
91
86
91
86
91
86
91
113
114
113
114
113
114
113
114
113
114
119
120
119
120
119
120
119
120
119
120
119
118
119
118
119
118
119
118
119
118
92
91
91
91
91
92
92
114
116
114
116
114
116
114
116
114
116
118
117
118
117
118
117
118
117
118
117
92
93
92
93
92
93
92
93
92
93
92
93
92
93
117
117
116
116
116
116
116
93
94
93
94
93
94
93
94
93
94
93
94
93
94
121
123
121
123
121
123
121
123
121
123
103
104
103
104
103
104
103
104
103
104
103
104
103
104
185
185
185
185
185
185
185
185
185
185
185
184
184
184
184
184
184
184
184
184
186
186
186
186
186
186
186
186
202
202
202
202
202
202
202
204
204
204
204
204
173
173
173
173
172
172
172
172
172
172
23
23
162
162
162
162
162
162
162
162
162
159
22
22
22
22
22
22
158
158
158
158
158
158
158
158
26
26
26
26
26
233
233
233
234
234
234
234
234
234
234
145
145
145
145
145
145
145
145
145
145
145
145
145
145
145
145
144
144
144
144
144
143
143
143
9
9
9
9
9
9
10
10
10
10
10
10
10
142
142
142
142
142
11
141
141
141
141
141
141
141
60
60
60
62
62
73
73
73
73
73
73
73
76
76
76
76
76
76
107
107
107
107
107
107
107
107
107
107
107
107
121
121
121
121
121
121
37
37
37
37
37
37
37
37
35
35
35
35
35
35
35
35
35
39
39
39
39
39
39
39
120
120
120
120
120
120
41
41
41
41
41
41
41
41
103
103
103
103
103
96
96
96
96
96
96
96
96
96
96
96
96
96
94
94
94
94
94
94
94
95
95
95
95
95
95
95
95
95
95
95
95
95
183
183
183
183
183
183
183
183
183
183
186
186
186
186
186
186
186
186
186
186
182
182
182
182
182
182
182
182
182
200
200
200
200
200
200
200
200
200
200
200
200
200
200
178
178
178
178
178
178
178
178
178
177
177
177
177
177
177
176
176
176
176
176
176
176
176
176
175
175
175
175
175
175
175
175
175
174
174
174
174
174
174
174
174
205
205
205
205
205
205
205
205
205
205
171
171
171
171
171
171
171
171
206
206
206
206
206
206
206
206
170
170
170
170
170
170
170
170
170
170
207
207
207
207
207
207
207
165
165
165
165
165
165
165
165
208
208
208
208
208
208
208
164
164
164
164
164
164
210
210
210
210
210
210
210
210
210
163
163
163
163
163
163
163
163
211
211
211
211
211
211
211
211
212
212
212
212
212
212
212
212
212
212
212
212
212
212
212
216
216
216
216
216
216
216
216
216
216
216
216
216
216
216
216
216
220
220
220
220
220
220
220
20
20
20
20
20
20
20
20
20
154
154
154
154
154
154
154
154
154
154
154
154
154
27
27
27
27
27
27
27
27
231
231
231
231
231
231
231
231
231
146
146
146
146
146
146
146
146
146
146
146
146
146
146
146
146
146
146
146
147
147
147
147
147
147
147
147
236
236
236
236
236
236
236
236
236
236
236
236
236
236
236
236
236
236
237
237
237
237
237
237
237
237
8
8
8
8
8
8
8
8
8
8
8
123
123
123
123
123
123
59
59
59
13
13
13
13
13
13
13
13
77
77
77
77
77
77
77
77
105
105
105
105
105
105
108
108
108
108
108
108
108
108
108
108
108
108
108
108
108
108
108
108
109
109
109
109
109
109
109
109
109
221
221
221
221
221
221
221
221
221
18
18
18
18
18
18
18
18
151
151
151
151
151
151
151
151
151
151
151
151
32
32
32
32
32
32
32
32
229
229
229
229
229
229
229
229
149
149
149
149
149
149
149
149
240
240
240
240
240
240
240
240
240
7
7
7
7
7
7
7
7
7
7
7
7
7
33
33
33
33
33
57
57
57
57
57
57
246
246
246
246
246
15
15
15
15
15
15
15
15
15
15
78
78
78
78
78
78
78
78
78
78
104
104
104
104
104
104
104
104
83
83
83
83
83
83
83
83
110
110
110
110
110
110
110
110
110
222
222
222
222
222
222
16
16
16
16
16
16
16
16
228
228
228
228
228
228
242
242
242
242
242
242
242
242
242
242
242
6
6
6
6
6
6
6
6
6
6
6
46
46
46
46
46
46
46
46
46
46
46
250
250
250
250
245
245
245
245
245
245
85
85
85
85
85
85
85
85
85
85
85
111
111
111
111
111
111
111
111
111
111
223
223
223
223
223
223
223
223
243
243
243
243
243
243
5
5
5
5
5
5
5
5
5
5
5
5
5
5
45
45
45
45
45
45
251
251
251
251
251
251
251
251
244
244
244
244
244
244
244
86
86
86
86
86
86
86
86
86
113
113
113
113
113
113
113
119
119
119
119
119
119
119
258
258
258
258
258
258
258
258
258
258
258
258
258
258
258
258
258
258
91
91
91
91
91
91
91
91
114
114
114
114
114
114
114
114
114
114
114
118
118
118
118
118
118
118
118
118
118
92
92
92
92
92
92
92
92
92
116
116
116
116
116
116
116
117
117
117
117
117
117
117
117
93
93
93
93
93
93
93
93
