95
96
103
96
95
103
95
103
95
94
95
104
95
104
105
107
105
104
108
109
108
107
110
111
110
109
113
114
113
111
116
117
116
114
118
117
118
119
146
147
146
145
149
147
149
151
154
158
154
151
237
240
237
236
242
258
242
240
95
96
95
95
95
95
95
96
96
96
96
96
95
96
96
96
103
103
96
103
103
103
103
103
96
96
96
96
96
95
95
95
95
95
95
94
94
94
94
94
94
95
95
95
95
95
104
104
104
104
104
105
105
105
105
105
105
107
107
107
107
107
107
105
105
105
105
105
105
104
104
104
104
104
104
108
108
108
108
108
108
109
109
109
109
109
109
108
108
108
108
108
108
107
107
107
107
107
107
110
110
110
110
110
110
111
111
111
111
111
111
110
110
110
110
110
110
109
109
109
109
109
109
113
113
113
113
113
113
114
114
114
114
114
114
113
113
113
113
113
113
111
111
111
111
111
111
116
116
116
116
116
116
117
117
117
117
117
117
116
116
116
116
116
116
114
114
114
114
114
114
118
118
118
118
118
118
117
117
117
117
117
117
118
118
118
118
118
118
119
119
119
119
119
119
146
146
146
146
146
146
147
147
147
147
147
147
146
146
146
146
146
146
145
145
145
145
145
145
149
149
149
149
149
149
147
147
147
147
147
147
149
149
149
149
149
149
149
149
151
151
151
151
151
151
151
151
154
154
154
154
154
154
158
158
158
158
158
158
154
154
154
154
154
154
151
151
151
151
151
151
237
237
237
237
237
237
240
240
240
240
240
240
237
237
237
237
237
237
236
236
236
236
236
236
242
242
242
242
242
242
258
258
258
258
258
258
242
242
242
242
242
242
240
240
240
240
240
240
95
96
95
96
95
96
95
96
103
96
103
96
103
96
103
96
95
94
95
94
95
94
95
94
95
94
105
107
105
107
105
107
105
107
105
107
105
104
105
104
105
104
105
104
105
104
108
109
108
109
108
109
108
109
108
109
108
107
108
107
108
107
108
107
108
107
110
111
110
111
110
111
110
111
110
111
110
109
110
109
110
109
110
109
110
109
113
114
113
114
113
114
113
114
113
114
113
111
113
111
113
111
113
111
113
111
116
117
116
117
116
117
116
117
116
117
116
114
116
114
116
114
116
114
116
114
118
117
118
117
118
117
118
117
118
117
118
119
118
119
118
119
118
119
118
119
146
147
146
147
146
147
146
147
146
147
146
145
146
145
146
145
146
145
146
145
149
147
149
147
149
147
149
147
149
147
149
151
149
151
149
151
149
151
149
151
149
151
149
151
154
158
154
158
154
158
154
158
154
158
154
151
154
151
154
151
154
151
154
151
237
240
237
240
237
240
237
240
237
240
237
236
237
236
237
236
237
236
237
236
242
258
242
258
242
258
242
258
242
258
242
240
242
240
242
240
242
240
242
240
95
95
95
95
95
95
95
95
95
96
96
96
96
96
96
96
96
96
96
96
96
96
96
96
103
103
103
103
103
103
103
103
103
103
103
103
103
103
103
103
103
103
103
103
103
94
94
94
94
94
94
94
94
94
94
94
94
94
94
94
94
94
94
94
94
94
94
104
104
104
104
104
104
104
104
104
104
104
104
104
104
104
105
105
105
105
105
105
105
105
105
105
105
105
107
107
107
107
107
107
107
107
107
108
108
108
108
108
108
108
108
108
108
108
108
109
109
109
109
109
109
109
109
110
110
110
110
110
110
110
110
110
110
111
111
111
111
111
111
111
111
111
111
111
111
113
113
113
113
113
113
113
113
113
114
114
114
114
114
114
114
114
114
114
114
114
114
116
116
116
116
116
116
116
116
116
116
116
116
117
117
117
117
117
117
117
117
117
118
118
118
118
118
118
118
118
118
118
118
119
119
119
119
119
119
119
119
119
119
119
119
119
119
119
119
119
119
119
119
119
146
146
146
146
146
146
146
146
146
146
147
147
147
147
147
147
147
147
147
147
145
145
145
145
145
145
145
145
145
145
145
145
145
145
145
145
145
145
145
145
145
145
149
149
149
149
149
149
149
149
151
151
151
151
151
151
151
151
151
151
151
154
154
154
154
154
154
154
154
154
154
158
158
158
158
158
158
158
158
158
158
158
158
158
158
158
158
158
158
158
158
237
237
237
237
237
237
237
237
237
237
237
237
237
240
240
240
240
240
240
240
240
240
240
240
240
236
236
236
236
236
236
236
236
236
236
236
236
236
236
236
236
236
236
236
236
236
236
242
242
242
242
242
242
242
242
242
242
258
258
258
258
258
258
258
258
258
258
258
258
258
258
258
258
258
258
258
258
258
