120
123
121
123
120
121
120
119
145
144
145
146
147
146
147
149
151
149
151
154
164
165
164
163
170
165
237
240
237
236
242
258
242
240
120
123
120
120
120
120
123
123
123
123
120
121
120
120
120
120
121
121
121
121
121
123
121
121
121
121
123
123
123
123
120
120
120
120
120
120
119
119
119
119
119
119
145
145
145
145
145
145
144
144
144
144
144
144
145
145
145
145
145
145
146
146
146
146
146
146
147
147
147
147
147
147
146
146
146
146
146
146
147
147
147
147
147
147
149
149
149
149
149
149
151
151
151
151
151
151
151
151
149
149
149
149
149
149
149
149
151
151
151
151
151
151
154
154
154
154
154
154
164
164
164
164
164
164
165
165
165
165
165
165
164
164
164
164
164
164
163
163
163
163
163
163
170
170
170
170
170
170
165
165
165
165
165
165
237
237
237
237
237
237
240
240
240
240
240
240
237
237
237
237
237
237
236
236
236
236
236
236
242
242
242
242
242
242
258
258
258
258
258
258
242
242
242
242
242
242
240
240
240
240
240
240
120
121
121
120
123
120
123
120
123
120
121
120
121
120
121
121
123
121
123
121
123
120
119
120
119
120
119
120
119
120
119
145
144
145
144
145
144
145
144
145
144
145
146
145
146
145
146
145
146
145
146
147
146
147
146
147
146
147
146
147
146
147
149
147
149
147
149
147
149
147
149
151
149
151
149
151
149
151
149
151
149
151
149
151
149
151
154
151
154
151
154
151
154
151
154
164
165
164
165
164
165
164
165
164
165
164
163
164
163
164
163
164
163
164
163
170
165
170
165
170
165
170
165
170
165
237
240
237
240
237
240
237
240
237
240
237
236
237
236
237
236
237
236
237
236
242
258
242
258
242
258
242
258
242
258
242
240
242
240
242
240
242
240
242
240
120
120
120
120
120
120
123
123
123
123
123
123
123
123
123
123
123
123
123
123
123
121
121
121
121
121
121
121
121
121
121
121
121
121
121
121
121
119
119
119
119
119
119
119
119
119
119
119
119
119
119
119
119
119
119
119
145
145
145
145
145
145
145
145
145
145
145
145
145
144
144
144
144
144
144
144
144
144
144
144
144
144
144
144
144
144
144
144
146
146
146
146
146
146
146
146
146
147
147
147
147
147
147
147
147
147
147
147
149
149
149
149
149
149
149
149
151
151
151
151
151
151
151
151
151
154
154
154
154
154
154
154
154
154
154
154
154
154
154
154
154
154
154
154
154
164
164
164
164
164
164
164
164
164
164
165
165
165
165
165
165
165
165
165
165
163
163
163
163
163
163
163
163
163
163
163
163
163
163
163
163
163
163
163
163
170
170
170
170
170
170
170
170
170
170
170
170
170
170
170
170
170
170
170
170
170
237
237
237
237
237
237
237
237
237
237
237
237
237
237
240
240
240
240
240
240
240
240
240
240
240
236
236
236
236
236
236
236
236
236
236
236
236
236
236
236
236
236
236
236
236
242
242
242
242
242
242
242
242
242
258
258
258
258
258
258
258
258
258
258
258
258
258
258
258
258
258
258
258
258
