11
142
143
142
11
12
12
11
62
11
62
62
11
12
12
11
60
11
60
60
11
12
12
11
142
142
11
143
142
12
60
12
62
60
62
12
12
60
234
145
231
234
145
145
234
144
234
144
144
234
236
236
234
231
236
231
234
234
231
25
25
231
234
234
231
145
145
231
146
231
146
146
231
229
229
231
146
146
231
145
231
145
229
146
228
146
228
228
146
229
146
229
234
145
144
234
144
143
143
144
236
144
236
236
143
143
236
234
234
143
25
234
26
26
234
25
73
76
107
76
73
107
73
107
76
107
105
105
107
76
76
105
23
159
162
159
23
22
22
23
20
23
20
20
23
22
22
23
159
159
23
162
159
22
121
37
39
121
37
37
121
39
39
121
120
120
121
39
121
39
120
39
41
41
39
120
39
120
41
120
45
120
45
45
120
119
119
120
45
45
120
41
119
45
46
46
45
119
45
119
46
119
118
118
119
46
46
118
170
167
171
167
170
171
171
167
205
172
204
205
172
172
205
204
172
204
173
204
173
173
204
202
202
204
173
173
204
172
202
173
174
174
173
202
202
174
186
185
184
185
186
184
186
184
142
141
12
13
60
59
234
142
234
142
236
237
228
223
147
149
26
27
73
62
76
77
108
109
105
77
105
77
105
78
105
78
105
104
105
83
105
83
23
25
159
158
20
18
162
163
141
123
13
15
59
57
237
240
223
149
223
149
223
222
149
222
149
222
149
151
27
32
77
78
109
110
78
83
83
85
158
219
158
219
158
154
18
16
163
164
15
16
57
46
57
46
240
242
222
221
151
154
32
33
110
111
85
86
219
220
219
216
164
165
242
243
221
220
33
35
111
113
86
91
216
212
165
166
243
244
113
114
91
92
212
211
244
245
114
116
92
93
245
258
116
117
93
94
117
118
96
104
121
123
170
166
205
206
205
171
205
171
202
200
174
175
206
207
200
187
175
176
207
208
176
177
208
210
177
181
186
187
184
183
183
182
11
142
11
11
142
142
11
12
11
12
12
12
12
62
11
12
11
12
11
12
12
11
12
11
11
11
11
12
12
12
12
11
142
11
142
11
11
143
11
11
11
143
143
143
143
143
142
143
143
143
143
143
142
142
142
142
142
11
12
62
62
12
62
12
12
12
62
62
62
62
60
62
62
62
62
62
62
60
60
60
60
60
60
62
12
62
12
234
231
234
236
234
236
231
234
231
236
231
231
231
236
236
236
234
231
231
25
231
231
231
231
25
25
25
25
231
231
231
234
146
146
145
229
231
231
231
231
231
231
229
229
229
229
229
229
229
145
146
145
145
145
145
145
146
146
146
146
146
228
229
231
229
228
229
229
229
229
229
229
229
228
228
228
228
228
228
145
144
145
144
145
145
145
145
145
145
145
144
144
144
144
144
144
144
144
144
234
143
144
144
144
144
143
143
143
143
143
144
236
236
236
236
143
236
234
236
236
234
234
234
143
143
234
25
25
234
25
25
234
26
234
234
234
234
26
26
26
26
234
234
25
234
25
25
25
26
25
25
25
25
26
26
26
26
73
76
73
73
73
73
76
76
76
76
73
76
76
107
107
107
76
107
76
76
105
107
107
107
107
107
107
105
105
105
105
105
105
105
107
76
76
107
107
107
76
76
76
107
107
107
105
23
159
23
23
23
159
159
159
23
23
23
23
23
23
22
22
22
22
22
22
22
20
22
23
22
22
23
159
23
159
23
23
162
23
23
162
162
162
159
162
162
162
162
162
162
159
159
159
159
159
159
23
23
23
22
20
22
22
22
22
22
22
20
20
20
20
20
20
120
121
121
121
121
121
121
121
120
120
120
120
120
120
37
37
39
39
41
41
120
39
41
39
39
39
39
41
41
41
41
120
120
120
41
41
120
120
41
120
119
120
120
120
120
120
119
119
119
119
119
120
41
41
45
120
41
41
120
41
41
45
41
41
41
41
41
41
45
45
45
45
45
45
46
46
119
119
45
46
45
45
45
45
46
46
46
46
120
119
119
119
119
46
119
119
46
119
118
119
119
119
119
119
119
118
118
118
118
118
118
119
46
46
119
119
46
46
119
119
118
39
37
39
39
39
39
39
39
39
37
37
37
37
37
37
37
170
167
170
170
170
170
167
167
167
167
170
171
170
170
170
170
171
171
171
171
171
170
170
170
167
186
185
186
186
186
186
186
186
185
185
185
185
185
185
185
185
184
184
184
184
184
185
185
185
185
185
185
142
142
142
142
142
142
142
142
141
141
141
141
141
141
141
141
12
12
12
12
12
12
12
12
13
13
13
13
13
13
13
13
60
60
60
60
60
60
60
60
59
59
59
59
59
59
59
234
234
234
234
234
142
142
142
142
142
236
236
236
236
236
236
236
236
237
237
237
237
237
237
237
237
228
228
228
228
228
228
223
223
223
223
223
223
147
147
147
147
147
147
149
149
149
149
149
149
26
26
26
26
26
26
26
27
27
27
27
27
27
27
27
73
73
73
73
73
73
62
62
62
62
62
62
76
76
76
76
76
76
76
76
77
77
77
77
77
77
77
77
108
108
108
108
108
108
108
108
109
109
109
109
109
109
109
105
105
105
105
105
77
77
77
77
77
105
105
105
105
105
78
78
78
78
78
105
105
105
105
105
105
104
104
104
104
104
104
105
105
105
105
105
83
83
83
83
83
23
23
23
23
23
23
25
25
25
25
25
25
159
159
159
159
159
159
159
159
158
158
158
158
158
158
158
158
20
20
20
20
20
20
20
20
18
18
18
18
18
18
18
18
162
162
162
162
162
162
163
163
163
163
163
163
141
141
141
141
141
141
141
141
123
123
123
123
123
123
123
123
13
13
13
13
13
13
13
13
15
15
15
15
15
15
15
59
59
59
59
59
59
59
59
57
57
57
57
57
57
57
237
237
237
237
237
237
240
240
240
240
240
240
223
223
223
223
223
149
149
149
149
149
223
223
223
223
223
223
222
222
222
222
222
222
149
149
149
149
149
222
222
222
222
222
149
149
149
149
149
149
149
149
151
151
151
151
151
151
151
27
27
27
27
27
27
27
27
32
32
32
32
32
32
32
77
77
77
77
77
77
77
78
78
78
78
78
78
78
78
109
109
109
109
109
109
109
109
110
110
110
110
110
110
110
110
78
78
78
78
78
78
83
83
83
83
83
83
83
83
83
83
83
83
85
85
85
85
85
85
158
158
158
158
158
219
219
219
219
219
158
158
158
158
158
158
158
154
154
154
154
154
154
154
154
18
18
18
18
18
18
18
18
16
16
16
16
16
16
16
163
163
163
163
163
163
164
164
164
164
164
164
15
15
15
15
15
15
16
16
16
16
16
16
57
57
57
57
57
46
46
46
46
46
240
240
240
240
240
240
240
242
242
242
242
242
242
242
242
222
222
222
222
222
222
222
222
221
221
221
221
221
221
221
151
151
151
151
151
151
151
154
154
154
154
154
154
154
154
32
32
32
32
32
32
32
32
33
33
33
33
33
33
33
33
110
110
110
110
110
110
111
111
111
111
111
111
85
85
85
85
85
85
85
85
86
86
86
86
86
86
86
86
219
219
219
219
219
219
219
219
220
220
220
220
220
220
220
220
219
219
219
219
219
219
219
216
216
216
216
216
216
216
216
164
164
164
164
164
164
164
165
165
165
165
165
165
165
165
242
242
242
242
242
242
242
242
243
243
243
243
243
243
243
243
221
221
221
221
221
221
221
220
220
220
220
220
220
220
220
33
33
33
33
33
33
35
35
35
35
35
35
111
111
111
111
111
111
111
113
113
113
113
113
113
113
113
86
86
86
86
86
86
91
91
91
91
91
91
216
216
216
216
216
216
216
212
212
212
212
212
212
212
212
165
165
165
165
165
165
166
166
166
166
166
166
243
243
243
243
243
243
243
243
244
244
244
244
244
244
244
244
113
113
113
113
113
113
114
114
114
114
114
114
91
91
91
91
91
91
91
92
92
92
92
92
92
92
92
212
212
212
212
212
212
211
211
211
211
211
211
244
244
244
244
244
244
244
244
245
245
245
245
245
245
245
245
114
114
114
114
114
114
116
116
116
116
116
116
92
92
92
92
92
92
92
92
93
93
93
93
93
93
93
93
245
245
245
245
245
245
258
258
258
258
258
258
116
116
116
116
116
116
116
116
117
117
117
117
117
117
117
93
93
93
93
93
93
93
93
94
94
94
94
94
94
94
94
117
117
117
117
117
117
118
118
118
118
118
118
96
96
96
96
96
96
104
104
104
104
104
104
121
121
121
121
121
121
121
123
123
123
123
123
123
123
123
170
170
170
170
170
170
166
166
166
166
166
166
166
205
205
205
205
205
205
205
205
206
206
206
206
206
206
206
206
205
205
205
205
205
171
171
171
171
171
174
174
174
174
174
174
175
175
175
175
175
175
206
206
206
206
206
206
206
207
207
207
207
207
207
207
207
200
200
200
200
200
200
200
200
187
187
187
187
187
187
187
175
175
175
175
175
175
175
176
176
176
176
176
176
176
176
207
207
207
207
207
207
207
208
208
208
208
208
208
208
208
176
176
176
176
176
176
176
177
177
177
177
177
177
177
177
208
208
208
208
208
208
208
208
210
210
210
210
210
210
210
210
177
177
177
177
177
177
177
177
181
181
181
181
181
181
181
181
186
186
186
186
186
186
187
187
187
187
187
187
184
184
184
184
184
184
184
184
183
183
183
183
183
183
183
183
183
183
183
183
183
183
183
183
182
182
182
182
182
182
182
182
142
11
142
11
12
11
12
11
12
142
11
11
143
11
143
143
143
142
143
142
143
142
143
142
12
62
12
62
62
62
60
62
60
62
60
62
60
62
60
234
236
236
234
231
236
231
236
231
236
234
231
231
25
231
25
231
25
231
229
231
231
229
229
229
145
146
145
146
145
146
145
146
228
229
228
229
228
229
145
144
145
144
145
144
145
144
145
144
145
144
143
144
144
144
143
143
236
234
236
236
236
234
26
25
26
234
26
234
26
234
26
25
26
25
26
25
26
73
76
73
76
73
76
107
105
105
105
107
105
107
76
76
159
23
23
159
23
159
23
23
23
22
23
159
23
23
162
162
162
162
159
159
159
22
20
22
20
22
20
22
20
22
20
121
120
120
121
120
121
39
41
39
41
39
41
120
119
120
119
120
119
120
119
41
45
41
41
41
45
46
45
46
45
46
118
119
118
119
118
119
118
119
118
119
118
39
37
39
37
39
37
39
37
39
37
39
37
170
167
170
167
170
167
170
171
170
171
170
171
186
185
186
185
186
185
186
185
186
185
185
185
184
184
185
142
141
142
141
142
141
142
141
142
141
142
141
142
141
12
13
12
13
12
13
12
13
12
13
12
13
12
13
60
60
59
59
59
59
60
236
237
236
237
236
237
236
237
236
237
236
237
236
237
228
223
228
223
228
223
228
223
228
223
147
149
147
149
147
149
147
149
147
149
27
27
27
26
26
26
26
73
62
73
62
73
62
73
62
73
62
76
77
76
77
76
77
76
77
76
77
76
77
76
77
109
109
109
109
108
108
108
105
104
105
104
105
104
105
104
105
104
23
25
23
25
23
25
23
25
23
25
159
158
159
158
159
158
159
158
159
158
159
158
159
158
20
18
20
18
20
18
20
18
20
18
20
18
20
18
162
163
162
163
162
163
162
163
162
163
141
123
141
123
141
123
141
123
141
123
141
123
141
123
13
15
15
13
15
13
13
57
59
57
57
57
57
59
237
240
237
240
237
240
237
240
237
240
223
222
223
222
223
222
223
222
223
222
151
151
149
151
149
149
151
32
32
27
32
27
27
32
77
77
78
77
78
78
77
109
110
109
110
109
110
109
110
109
110
109
110
109
110
78
83
78
83
78
83
78
83
78
83
83
85
83
85
83
85
83
85
83
85
154
158
158
158
158
154
154
18
18
18
18
16
16
16
163
164
163
164
163
164
163
164
163
164
15
16
15
16
15
16
15
16
15
16
240
242
242
242
242
240
240
221
221
222
221
222
222
221
151
151
154
151
154
154
151
32
33
32
33
32
33
32
33
32
33
32
33
32
33
110
111
110
111
110
111
110
111
110
111
85
86
85
86
85
86
85
86
85
86
85
86
85
86
219
220
219
220
219
220
219
220
219
220
219
220
219
220
219
219
216
219
216
216
219
165
165
164
165
164
164
165
242
243
242
243
242
243
242
243
242
243
242
243
242
243
221
221
220
221
220
220
221
33
35
33
35
33
35
33
35
33
35
111
113
111
111
113
111
113
86
91
86
91
86
91
86
91
86
91
212
216
212
216
216
216
216
165
166
165
166
165
166
165
166
165
166
243
244
243
244
243
244
243
244
243
244
243
244
243
244
113
114
113
114
113
114
113
114
113
114
91
91
91
91
92
92
92
212
211
212
211
212
211
212
211
212
211
244
245
244
245
244
245
244
245
244
245
244
245
244
245
114
116
114
116
114
116
114
116
114
116
92
93
92
93
92
93
92
93
92
93
92
93
92
93
245
258
245
258
245
258
245
258
245
258
116
117
117
117
117
116
116
93
94
93
94
93
94
93
94
93
94
93
94
93
94
117
118
117
118
117
118
117
118
117
118
96
104
96
104
96
104
96
104
96
104
121
121
121
121
123
123
123
170
166
166
170
166
166
170
170
166
170
170
166
170
170
166
205
206
205
206
205
206
205
206
205
206
205
206
205
206
174
175
174
175
174
175
174
175
174
175
206
206
207
206
207
207
206
200
187
200
187
187
200
187
175
175
176
176
176
176
175
207
207
207
207
208
208
208
176
177
177
176
177
176
176
208
210
208
210
208
210
208
210
208
210
208
210
208
210
177
181
177
181
177
181
177
181
177
181
177
181
177
181
186
187
186
187
186
187
186
187
186
187
184
183
184
183
184
183
184
183
184
183
184
183
184
183
183
182
183
182
183
182
183
182
183
182
183
182
183
182
11
11
11
11
11
142
142
142
12
12
62
62
62
60
60
60
60
60
143
143
143
143
145
145
145
145
145
145
145
144
144
144
144
144
144
144
144
144
236
236
234
234
234
25
25
25
146
146
146
146
146
146
146
146
146
146
146
146
146
146
229
229
229
229
229
229
229
229
228
228
228
228
228
228
228
228
26
26
26
26
26
73
73
73
73
73
73
76
76
76
76
76
76
76
107
107
107
107
107
107
107
107
107
107
107
105
105
105
105
105
23
23
159
159
22
22
22
22
22
22
22
22
22
22
22
20
20
20
20
20
20
20
20
20
20
162
162
162
162
162
162
37
37
37
37
37
37
37
37
37
37
37
37
37
37
37
37
37
121
121
121
121
121
121
39
39
39
39
39
39
39
120
41
41
41
41
41
41
45
45
45
45
45
45
45
45
45
45
119
119
119
119
119
46
46
46
46
118
118
118
118
118
118
118
170
170
170
170
170
170
170
170
167
167
167
167
167
167
167
167
167
167
167
167
167
167
167
167
167
167
167
171
171
171
171
171
171
171
171
171
171
171
171
171
171
171
186
186
186
186
186
186
186
186
186
185
185
185
185
185
185
185
185
185
185
185
184
184
184
184
184
184
184
184
141
141
141
141
141
141
141
141
141
141
13
13
13
13
13
13
13
59
59
59
59
59
59
59
59
237
237
237
237
237
237
237
237
223
223
223
223
223
223
223
223
223
223
147
147
147
147
147
147
147
147
147
147
147
147
147
147
147
147
147
147
147
147
149
149
149
149
149
27
27
27
27
27
27
27
27
77
77
77
77
77
77
108
108
108
108
108
108
108
108
108
108
108
108
108
108
108
108
108
108
108
109
109
109
109
109
109
109
109
109
78
78
78
78
78
78
78
78
104
104
104
104
104
104
104
104
83
83
83
83
83
83
83
83
158
158
158
158
158
18
18
18
18
18
18
18
163
163
163
163
163
163
163
163
163
123
123
123
123
123
123
123
15
15
15
15
15
15
15
15
15
15
57
57
57
57
57
57
57
57
57
57
57
57
240
240
240
240
240
240
240
240
222
222
222
222
222
151
151
151
151
151
32
32
32
32
32
32
32
110
110
110
110
110
110
110
85
85
85
85
85
85
85
85
219
219
219
219
219
154
154
154
154
154
154
154
154
154
154
16
16
16
16
16
16
16
16
164
164
164
164
164
164
164
164
164
242
242
242
242
242
242
242
221
221
221
221
221
221
221
33
33
33
33
33
33
33
33
111
111
111
111
111
111
111
111
86
86
86
86
86
86
86
220
220
220
220
220
220
220
216
216
216
216
216
216
216
216
165
165
165
165
165
165
165
165
243
243
243
243
243
243
243
243
35
35
35
35
35
35
35
35
35
35
35
35
35
35
35
35
35
35
35
113
113
113
113
113
113
113
113
113
91
91
91
91
91
91
91
91
91
212
212
212
212
212
212
212
166
166
166
166
166
166
166
166
166
166
166
166
166
166
244
244
244
244
244
244
244
114
114
114
114
114
114
114
114
114
114
114
114
92
92
92
92
92
92
92
211
211
211
211
211
211
211
211
211
211
211
211
211
211
211
211
211
211
211
211
245
245
245
245
245
245
245
245
116
116
116
116
116
116
116
116
93
93
93
93
93
93
93
93
258
258
258
258
258
258
258
258
258
258
258
258
258
258
258
258
258
258
258
117
117
117
117
117
117
117
117
117
117
94
94
94
94
94
94
94
94
94
94
94
94
94
94
94
94
94
94
94
96
96
96
96
96
96
96
96
96
96
96
96
96
96
96
96
96
96
96
206
206
206
206
206
206
206
175
175
175
175
175
175
175
207
207
207
207
207
207
187
187
187
187
187
187
187
187
187
187
187
176
176
176
176
176
176
176
176
208
208
208
208
208
208
208
177
177
177
177
177
177
177
177
210
210
210
210
210
210
210
210
210
210
210
210
210
210
210
210
210
210
210
210
181
181
181
181
181
181
181
181
181
181
181
181
181
181
181
181
181
181
181
183
183
183
183
183
183
182
182
182
182
182
182
182
182
182
182
182
182
182
182
182
182
182
182
200
200
200
200
200
200
200
200
200
200
200
200
200
200
200
200
200
200
